ave=1.272861
std_dev=0.736729
