ave=0.608289
std_dev=0.214488
